0 0 0
1 0 0
2 0 0
3 0 0
2 0.89 300
1 1.40 300
2 1.87 300
1 2.32 300
2 2.72 300
1 3.20 300
2 3.68 300
1 4.09 300
2 4.53 300
1 5.04 300
2 5.51 300
1 6.00 300
0 6.40 300
3 6.60 300
0 6.82 300
3 7.00 300
2 7.18 300
1 7.65 300
2 8.12 300
1 8.70 300
2 9.14 300
1 9.60 300
2 10.00 300
0 10.43 300
3 10.66 300
2 10.90 300
1 11.28 300
2 11.80 300
1 12.25 300
2 13.16 300
1 13.50 300
1 13.84 300
2 14.07 300
2 14.45 300
1 14.75 300
2 14.99 300
1 15.45 300
2 15.89 300
1 16.39 300
2 16.82 300
1 17.74 300
3 17.97 300
3 18.61 300
2 19.30 300
0 19.73 300
2 20.46 300
1 20.91 300
0 22.04 300
2 22.28 300
3 22.52 300
2 23.18 300
2 23.87 300
2 24.09 300
0 24.77 300
2 25.00 300
2 25.20 300
1 25.46 300
0 25.90 300
3 26.36 300
2 26.80 300
2 27.01 300
0 27.25 300
3 27.45 300
2 29.50 300
1 30.00 300
2 30.89 300
0 31.32 300
0 31.56 300
3 32.00 300
3 32.46 300
2 32.67 300
1 33.15 300
3 33.57 300
0 34.07 300
2 34.52 300
0 34.97 300
0 35.42 300
3 35.66 300
0 36.10 300
0 36.34 300
3 36.79 300
3 37.02 300
2 37.25 300
1 37.70 300
3 37.93 300
3 38.15 300
2 38.38 300
1 39.08 300
2 39.55 300
1 39.98 300
0 40.44 300
3 40.64 300
2 30.88 300
1 41.37 300
3 41.57 300
2 41.79 300
3 42.25 300
3 42.70 300
2 42.93 300
0 43.18 300
0 43.52 300
3 43.84 300
2 44.08 300
3 44.80 300
2 45.89 300
0 46.79 300
2 47.47 300
2 47.52 300
3 47.71 300
0 49.07 300
0 49.34 300
1 49.52 300
2 50.88 300
0 51.34 300
3 52.02 300
2 53.15 300
1 53.84 300
3 54.98 300
0 56.02 300
0 56.34 300
3 56.80 300
2 60.42 300
1 60.93 300
2 61.33 300
1 61.78 300
2 64.06 300
0 66.33 300
3 66.58 300
0 66.78 300
3 67.02 300
2 67.31 300
